Test: named-boards
Total: 248 247 261 256 260 257 238 243 247 252 256 252 282 260 249 | Average: 253.87 ms
Min: 2 1 1 1 1 2 1 1 1 1 1 1 1 1 1 | Average: 1.13 ms
Max: 137 136 144 140 142 146 132 132 137 139 143 141 155 143 138 | Average: 140.33 ms
Mean: 27 27 29 28 28 28 26 27 27 28 28 28 31 28 27 | Average: 27.80 ms
Median: 3 3 4 3 3 3 3 3 3 3 3 3 4 4 3 | Average: 3.20 ms

Test: test-1-easy
Total: 138 135 146 142 139 135 134 140 138 137 141 145 149 146 145 | Average: 140.67 ms
Min: 1 1 1 1 1 1 1 1 1 0 1 1 1 1 1 | Average: 0.93 ms
Max: 3 1 2 3 2 2 1 2 3 3 1 2 2 2 3 | Average: 2.13 ms
Mean: 1 1 1 1 1 1 1 1 1 1 1 1 1 1 1 | Average: 1.00 ms
Median: 1 1 1 1 1 1 1 1 1 1 1 1 1 1 1 | Average: 1.00 ms

Test: test-2-medium
Total: 401 384 395 400 397 396 380 385 390 380 399 424 398 403 406 | Average: 395.87 ms
Min: 1 1 1 1 1 1 1 1 1 1 1 1 1 1 1 | Average: 1.00 ms
Max: 21 18 19 19 19 21 18 18 19 18 19 20 19 19 19 | Average: 19.07 ms
Mean: 4 3 3 4 3 3 3 3 3 3 3 4 3 4 4 | Average: 3.33 ms
Median: 3 3 3 3 3 3 3 3 3 3 3 3 3 3 3 | Average: 3.00 ms

Test: test-3-hard
Total: 717 708 710 731 733 693 686 701 705 690 713 769 727 738 747 | Average: 717.87 ms
Min: 1 1 1 1 1 1 1 1 1 1 1 1 1 1 1 | Average: 1.00 ms
Max: 125 124 127 130 140 122 122 123 126 121 127 141 132 128 134 | Average: 128.13 ms
Mean: 7 7 7 7 7 6 6 7 7 6 7 7 7 7 7 | Average: 6.80 ms
Median: 2 2 2 2 2 2 2 2 2 2 2 2 2 2 2 | Average: 2.00 ms

Test: test-4-tough
Total: 511 504 521 549 557 500 497 499 502 495 517 552 526 513 549 | Average: 519.47 ms
Min: 7 7 8 8 8 7 7 7 7 7 7 8 8 7 8 | Average: 7.40 ms
Max: 14 15 14 14 13 12 13 14 13 13 13 14 13 13 16 | Average: 13.60 ms
Mean: 10 10 10 10 11 10 9 9 10 9 10 11 10 10 10 | Average: 9.93 ms
Median: 10 9 10 10 11 9 9 9 9 9 10 11 10 10 10 | Average: 9.73 ms

Test: test-5-brutal
Total: 1917 1901 1907 1931 2061 1884 1973 1911 1914 1889 1963 2080 1989 1934 1910 | Average: 1944.27 ms
Min: 30 30 30 30 32 30 30 30 30 30 30 34 31 30 29 | Average: 30.40 ms
Max: 62 60 59 64 65 61 62 62 62 59 62 65 66 63 64 | Average: 62.40 ms
Mean: 47 47 47 48 51 47 49 47 47 47 49 52 49 48 47 | Average: 48.13 ms
Median: 46 46 46 47 50 46 47 46 46 46 47 50 48 47 46 | Average: 46.93 ms

Test: test-6-ridiculous
Total: 3409 3371 3357 3324 3464 3394 3452 3374 3540 3278 3417 3506 3417 3364 3376 | Average: 3402.87 ms
Min: 112 110 112 110 115 111 110 111 118 109 111 117 110 113 114 | Average: 112.20 ms
Max: 219 212 212 215 219 216 224 216 224 207 220 227 219 212 215 | Average: 217.13 ms
Mean: 170 168 167 166 173 169 172 168 177 163 170 175 170 168 168 | Average: 169.60 ms
Median: 166 168 164 165 170 168 171 166 179 161 168 172 169 168 167 | Average: 168.13 ms

